[gd_scene load_steps=10 format=3 uid="uid://3j1c31jgr3gv"]

[ext_resource type="Shader" uid="uid://cpqnse5l1drgi" path="res://All_Shaders/Sky1.gdshader" id="1_iimck"]
[ext_resource type="PackedScene" uid="uid://dpj0devsp2130" path="res://All_Scenes/enemy_turret_editable.tscn" id="2_6b0as"]
[ext_resource type="PackedScene" uid="uid://d2pa0kg1hl6kx" path="res://All_Scenes/hanging_cloth_lantern.tscn" id="3_w06cl"]
[ext_resource type="PackedScene" uid="uid://bvduijeaf1mv7" path="res://All_Scenes/building_single_floor.tscn" id="4_aerqg"]
[ext_resource type="PackedScene" uid="uid://bv6qsxtjag2at" path="res://All_Scenes/enemy_turret_static_editable.tscn" id="5_qp70f"]
[ext_resource type="PackedScene" uid="uid://cj0nrqw6nome2" path="res://All_Scenes/player.tscn" id="7_c286v"]

[sub_resource type="ShaderMaterial" id="ShaderMaterial_om7vk"]
shader = ExtResource("1_iimck")

[sub_resource type="Sky" id="Sky_om7vk"]
sky_material = SubResource("ShaderMaterial_om7vk")

[sub_resource type="Environment" id="Environment_75ld5"]
background_mode = 2
sky = SubResource("Sky_om7vk")
tonemap_mode = 2
glow_enabled = true
fog_enabled = true
fog_light_color = Color(0.111963205, 0.12781867, 0.14684415, 1)
fog_density = 0.04
fog_depth_begin = 0.0
volumetric_fog_enabled = true
volumetric_fog_density = 0.12
volumetric_fog_albedo = Color(0.27022192, 0.27022192, 0.2702219, 1)
volumetric_fog_emission = Color(0.09411765, 0.09411765, 0.09411765, 1)
volumetric_fog_length = 120.0

[node name="Node3D" type="Node3D"]

[node name="DirectionalLight3D" type="DirectionalLight3D" parent="."]
transform = Transform3D(-0.8660254, -0.43301278, 0.25, 0, 0.49999997, 0.86602545, -0.50000006, 0.75, -0.43301266, 5.6948385, 5.71307, -14.571158)
light_energy = 0.3
shadow_enabled = true
shadow_reverse_cull_face = true
shadow_opacity = 0.8
directional_shadow_split_1 = 0.15
directional_shadow_split_2 = 0.3
directional_shadow_split_3 = 0.6
directional_shadow_blend_splits = true

[node name="WorldEnvironment" type="WorldEnvironment" parent="."]
environment = SubResource("Environment_75ld5")

[node name="All_Buildings" type="Node3D" parent="."]

[node name="building_1" parent="All_Buildings" instance=ExtResource("4_aerqg")]
transform = Transform3D(1, 0, 0, 0, 1, 0, 0, 0, 1, -1.5470304, 0.3880186, 22.439127)

[node name="building_3" parent="All_Buildings" instance=ExtResource("4_aerqg")]
transform = Transform3D(-0.34462658, 0, -0.9387399, 0, 1, 0, 0.9387399, 0, -0.34462658, -1.5470304, 0.3880186, 38.94467)

[node name="building_4" parent="All_Buildings" instance=ExtResource("4_aerqg")]
transform = Transform3D(0.8969654, 0, 0.44210082, 0, 1, 0, -0.44210082, 0, 0.8969654, -24.417048, 0.3880186, 8.389017)

[node name="building_5" parent="All_Buildings" instance=ExtResource("4_aerqg")]
transform = Transform3D(0.77448094, 0, -0.6325972, 0, 1, 0, 0.6325972, 0, 0.77448094, -1.5470304, 0.3880186, 8.710263)

[node name="building_2" parent="All_Buildings" instance=ExtResource("4_aerqg")]
transform = Transform3D(-0.31907514, 0, 0.9477294, 0, 1, 0, -0.9477294, 0, -0.31907514, -29.109062, 0.3880186, 22.439127)

[node name="building_6" parent="All_Buildings" instance=ExtResource("4_aerqg")]
transform = Transform3D(-0.31907514, 0, 0.9477294, 0, 1, 0, -0.9477294, 0, -0.31907514, -29.109062, 0.3880186, 44.99539)

[node name="All_Lanterns" type="Node3D" parent="."]

[node name="cloth_lantern1" parent="All_Lanterns" instance=ExtResource("3_w06cl")]
transform = Transform3D(0.13723709, 0, 0.99053836, 0, 1, 0, -0.99053836, 0, 0.13723709, -8.508257, 8.683006, 31.549461)

[node name="cloth_lantern2" parent="All_Lanterns" instance=ExtResource("3_w06cl")]
transform = Transform3D(0.13723709, 0, 0.99053836, 0, 1, 0, -0.99053836, 0, 0.13723709, -13.622502, 8.882796, 8.271483)

[node name="Enemy_Turret_Static" parent="." instance=ExtResource("5_qp70f")]
transform = Transform3D(-0.7941133, 0, -0.09687188, 0, 0.8, 0, 0.09687188, 0, -0.7941133, -3.667512, 1.1200948, 17.554544)

[node name="Enemy_Turret" parent="." instance=ExtResource("2_6b0as")]
transform = Transform3D(-0.51376593, 0, -0.85793054, 0, 1, 0, 0.85793054, 0, -0.51376593, -16.460121, 0, 27.069408)

[node name="Player" parent="." instance=ExtResource("7_c286v")]
transform = Transform3D(1, 0, 0, 0, 1, 0, 0, 0, 1, 0.20746946, 6.0007257, 26.01322)
